-1002060897480 | 17
-1001976519716 | 20
-1002434461534 | 8
-1002258810204 | 31
-1002256623070 | 11992
-1002359309381 | 15
-1002199697522 | 22
-1002444783867 | 12
-1001687199609 | 71892
-1002528685086 | 24
-1002270409535 | 10
-1001814160949 | 8
-1002066254327 | 94
-1001856479955
-1002011482119 | 79
-1001896085289 | 127871
-1001676369027 | 120080
-1001640434189
-1001219270722
-1002387132758 | 24
-1001940074224 | 57
-1002000383834 | 8266
-1001987613424 | 2
-1001741213429 | 13748
-1002069748765 | 11
-1001836523109 | 28
-1002178340194 | 5