-1001356688328
-1001272586182
-1001220106147
-1001465636127
-1001479210114
-1001612318366
-1001901592139
-1001503510474
-1001889498264
-1001635976088
-1001902360936
-1001552966003
-1001850916195
-1001513828789
-1001062635646
-1002258810204 | 31
-1002256623070 | 11992
-1002359309381 | 15
-1002199697522 | 22
-1002444783867 | 12
-1001687199609 | 71892
-1002528685086 | 24
-1002270409535 | 10
-1001814160949 | 8
-1002066254327 | 94
-1001873257885
-1002103386225
-1001441174367
-1001440546647
-1001827321399
-1001786038664
-1001338886312
-1001765397047
-1001164115500
-1001972775515
-1001163180172
-1001715165127
-1001377580394
-1001210335333
-1001174334259
-1001219270722
-1001882889958
-1001497218938
-1001774526624
-1001905615295
-1001815261713
-1001058312549
-1001168180949
-1001399357175
-1001210416121
-1001572041315
-1001924194275
-1001668592126
-1001405540555
-1001137547686
-1001472486902
-1001440769348
-1001363414411
-1001691829471
-1001735986604
-1001283689120
-1001493127931
-1001198896875
-1001544414192
-1001651738894
-1001741213429
-1001856479955
-1001415488864
-1001474191109
-1001724337713
-1001465058168
-1001682043394
-1001415205050
-1001266742232
-1001237389574
-1001478893143
-1001229591569
-1001305197062
-1001449337212
-1001896085289
-1001765993121
-1001401463758
-1001428700086
-1001248819122
-1001755613752
-1001355636382
-1001301956329
-1001749468508
-1001440403667
-1001443989729
-1001688277999
-1001477231865
-1001416777236
-1001220483582
-1001640434189
-1001442108434
-1001228219840
-1002047259953
-1001486646056
-1001231364975
-1001433455673
-1001247633132
-1001798296599
-1001459152940
-1002447669885
-1001718246645
-1001764167902
-1001354237196
-1001512534731
-1001824721394
-1002387132758 | 24
-1001940074224 | 57
-1002000383834 | 8266
-1001987613424 | 2
-1001741213429 | 13748
-1002069748765 | 11
-1001836523109 | 28
-1002178340194 | 5
-1002011482119 | 79
-1001896085289 | 127871
-1001676369027 | 120080
-1002060897480 | 17
-1001976519716 | 20
-1002434461534 | 8