-1001266787943
-1001278148687
-1001100821372
-1001240876984
-1001121542560
-1001133378746
-1001136880144
-1001138565225
-1001151527755
-1001163180172
-1001164115500
-1001186820460
-1001190245135
-1001191878543
-1001193380292
-1001199779984
-1001204233936
-1001221184653
-1001228548680
-1001237389574
-1001247633132
-1001251158030
-1001251761464
-1001253139047
-1001274135781
-1001280943690
-1001283689120
-1001285103680
-1001286473797
-1001298495829
-1001301093493
-1001301318793
-1001304089291
-1001306840955
-1001307519449
-1001318048476
-1001326695164
-1001327756520
-1001336115738
-1001337109087
-1001338886312
-1001352251971
-1001360273608
-1001366375167
-1001369739489
-1001375827258
-1001376437412
-1001389718738
-1001391488298
-1001391721734
-1001395047548
-1001399770426
-1001400882839
-1001401826587
-1001404312159
-1001412967174
-1001415488864
-1001425152065
-1001433455673
-1001441174367
-1001441890071
-1001448473315
-1001457682317
-1001462365230
-1001465058168
-1001465636127
-1001471852664
-1001474191109
-1001474212831
-1001475006158
-1001476510643
-1001477231865
-1001478893143
-1001479210114
-1001484712387
-1001503510474
-1001544414192
-1001576607043
-1001596939283
-1001625639759
-1001643138265
-1001645986591
-1001648878891
-1001679805692
-1001682043394
-1001704925789
-1001718246645 | 244523
-1001728558528
-1001734425434
-1001735986604
-1001774526624
-1001882915574
-1001886574657
-1002026282015 | 1
-1002047259953
-1002236357366
-1002346793188
-1002366482050
-1002420339392
-1002436958053
